...Wave Drag Slice...
Inlet Area: 0.000000
Exit Area: 0.000000

Theta:   0.00, Start:   4.12, End:  50.79
         0.00000000,          0.00000000
         0.05263158,          0.00000000
         0.10526316,         88.46581493
         0.15789474,        116.30477230
         0.21052632,        109.65415920
         0.26315789,         90.53931622
         0.31578947,         62.72620547
         0.36842105,         31.64255742
         0.42105263,          0.00000000
         0.47368421,          5.25000000
         0.52631579,          5.26051233
         0.57894737,          0.12842855
         0.63157895,          0.24347283
         0.68421053,          0.36266287
         0.73684211,          0.90646134
         0.78947368,          1.69860446
         0.84210526,          5.98233531
         0.89473684,          6.10756275
         0.94736842,          0.05096270
         1.00000000,          0.00000000

Theta:  20.00, Start:  -5.84, End:  50.70
         0.00000000,          0.00003061
         0.05263158,         13.37010594
         0.10526316,         24.46901934
         0.15789474,         33.16333997
         0.21052632,         38.91053539
         0.26315789,         38.18883618
         0.31578947,         35.34865438
         0.36842105,         35.91098485
         0.42105263,         37.37201458
         0.47368421,         39.30635451
         0.52631579,         40.42874632
         0.57894737,         35.88506706
         0.63157895,         21.80286945
         0.68421053,          8.59638067
         0.73684211,          1.97361608
         0.78947368,          0.87328011
         0.84210526,          4.66914374
         0.89473684,          4.43019433
         0.94736842,          2.37808009
         1.00000000,          0.00000000

Theta:  40.00, Start: -18.32, End:  53.37
         0.00000000,          0.00002133
         0.05263158,          9.25108541
         0.10526316,         15.75305886
         0.15789474,         20.05786197
         0.21052632,         21.97950403
         0.26315789,         22.07430496
         0.31578947,         22.07430496
         0.36842105,         21.87539904
         0.42105263,         16.00697138
         0.47368421,         16.49232147
         0.52631579,         18.43584830
         0.57894737,         21.91334792
         0.63157895,         27.32430496
         0.68421053,         22.22431369
         0.73684211,         22.33760323
         0.78947368,         21.86237062
         0.84210526,         18.28222877
         0.89473684,          8.67290518
         0.94736842,          1.98461782
         1.00000000,          0.00000088

Theta:  60.00, Start: -27.29, End:  61.06
         0.00000000,          0.00000621
         0.05263158,          7.97069725
         0.10526316,         13.16089458
         0.15789474,         15.93286652
         0.21052632,         16.38414954
         0.26315789,         16.38414954
         0.31578947,         16.38414954
         0.36842105,         16.38414954
         0.42105263,         14.50814790
         0.47368421,         10.32825737
         0.52631579,         11.99248771
         0.57894737,         19.49708595
         0.63157895,         17.90029576
         0.68421053,         16.56916900
         0.73684211,         18.17327459
         0.78947368,         20.07568070
         0.84210526,         18.15598436
         0.89473684,         13.15394385
         0.94736842,          4.77805495
         1.00000000,          0.00000035

Theta:  80.00, Start: -31.42, End:  66.99
         0.00000000,          0.00000482
         0.05263158,          7.49173176
         0.10526316,         12.20325658
         0.15789474,         14.30610559
         0.21052632,         14.40797930
         0.26315789,         14.40797930
         0.31578947,         14.40797930
         0.36842105,         14.40797930
         0.42105263,         13.71471908
         0.47368421,          8.39492927
         0.52631579,         11.43254041
         0.57894737,         17.07216862
         0.63157895,         14.47823586
         0.68421053,         15.77188959
         0.73684211,         16.34802927
         0.78947368,         17.71373290
         0.84210526,         15.38058323
         0.89473684,         12.33037676
         0.94736842,          5.78641107
         1.00000000,          0.00000046

Theta: 100.00, Start: -30.21, End:  68.08
         0.00000000,          0.00000329
         0.05263158,          7.35970276
         0.10526316,         12.16834309
         0.15789474,         14.31526321
         0.21052632,         14.40797930
         0.26315789,         14.40797930
         0.31578947,         14.40797930
         0.36842105,         14.40797930
         0.42105263,         13.76932319
         0.47368421,          8.47552019
         0.52631579,         15.01554004
         0.57894737,         13.53219298
         0.63157895,         14.52391706
         0.68421053,         15.99008999
         0.73684211,         16.59760763
         0.78947368,         17.63261292
         0.84210526,         15.09923284
         0.89473684,         12.49304030
         0.94736842,          6.11743860
         1.00000000,          0.00000057

Theta: 120.00, Start: -23.81, End:  64.19
         0.00000000,          0.00000710
         0.05263158,          7.50520878
         0.10526316,         12.98534927
         0.15789474,         15.95901448
         0.21052632,         16.38414954
         0.26315789,         16.38414954
         0.31578947,         16.38414954
         0.36842105,         16.38414954
         0.42105263,         14.93131357
         0.47368421,         12.94891267
         0.52631579,         14.79262847
         0.57894737,         15.07784864
         0.63157895,         16.46782297
         0.68421053,         18.05278196
         0.73684211,         18.43197438
         0.78947368,         18.99431057
         0.84210526,         17.92668877
         0.89473684,         12.93777537
         0.94736842,          5.75117090
         1.00000000,          0.00000057

Theta: 140.00, Start: -13.14, End:  55.79
         0.00000000,          0.00000645
         0.05263158,          7.54813515
         0.10526316,         14.46890175
         0.15789474,         19.43155753
         0.21052632,         21.89314851
         0.26315789,         22.07430496
         0.31578947,         22.07430496
         0.36842105,         22.07430496
         0.42105263,         19.27508671
         0.47368421,         21.19589386
         0.52631579,         17.04371578
         0.57894737,         19.54175781
         0.63157895,         22.09102573
         0.68421053,         22.22125693
         0.73684211,         24.36359836
         0.78947368,         24.57490653
         0.84210526,         21.89451147
         0.89473684,         14.82652972
         0.94736842,          5.03226385
         1.00000000,          0.00000053

Theta: 160.00, Start:  -3.13, End:  54.88
         0.00000000,          0.00000000
         0.05263158,          0.00000000
         0.10526316,          8.05645876
         0.15789474,         20.11973545
         0.21052632,         30.71926362
         0.26315789,         38.20348441
         0.31578947,         40.62920015
         0.36842105,         41.27637511
         0.42105263,         36.48683552
         0.47368421,         36.56886415
         0.52631579,         38.91128143
         0.57894737,         40.24681612
         0.63157895,         32.74931051
         0.68421053,         20.90556079
         0.73684211,         12.27633373
         0.78947368,          4.66654239
         0.84210526,          2.31522179
         0.89473684,          1.14632728
         0.94736842,          0.84254053
         1.00000000,          0.00000130

Theta: 180.00, Start:  -2.59, End:  55.27
         0.00000000,          0.00000000
         0.05263158,          0.00000000
         0.10526316,          0.00000000
         0.15789474,          0.00000000
         0.21052632,          0.00000000
         0.26315789,          0.00000000
         0.31578947,         49.31707754
         0.36842105,        111.32224437
         0.42105263,        114.51720409
         0.47368421,         88.77190214
         0.52631579,         42.30801024
         0.57894737,          0.03999269
         0.63157895,          0.13483443
         0.68421053,          0.22807991
         0.73684211,          4.85843852
         0.78947368,          6.16325575
         0.84210526,          1.06408120
         0.89473684,          1.06898516
         0.94736842,          0.79671306
         1.00000000,          0.00022072

CDWave:          1.16301837 
